[1, 256, 1, 60, 80, 60, 80, 256, 1, 1, 1, 1, 0]
[1, 256, 1, 60, 80, 60, 80, 128, 1, 1, 1, 1, 0]
[1, 64, 1, 60, 80, 60, 80, 81, 1, 1, 1, 1, 0]
[1, 64, 1, 60, 80, 60, 80, 64, 1, 1, 1, 1, 0]
[38400, 128, 64]
[38400, 128, 64]
[4800, 64, 64]
[4800, 64, 64]
[4800, 64, 64]
[1, 256, 1, 60, 80, 60, 80, 145, 1, 1, 1, 1, 0]
[1, 192, 1, 60, 80, 60, 80, 256, 3, 3, 1, 1, 1]
[1, 128, 1, 60, 80, 60, 80, 2, 7, 7, 1, 1, 3]
[1, 64, 1, 60, 80, 60, 80, 128, 3, 3, 1, 1, 1]
[1, 126, 1, 60, 80, 60, 80, 256, 3, 3, 1, 1, 1]
[1, 128, 1, 60, 80, 60, 80, 128, 1, 1, 1, 1, 0]
[1, 128, 1, 60, 80, 60, 80, 512, 1, 5, 1, 1, 0]
[1, 128, 1, 60, 80, 60, 80, 512, 1, 5, 1, 1, 0]
[1, 128, 1, 60, 80, 60, 80, 512, 1, 5, 1, 1, 0]
[1, 128, 1, 60, 80, 60, 80, 512, 5, 1, 1, 1, 2]
[1, 128, 1, 60, 80, 60, 80, 512, 5, 1, 1, 1, 2]
[1, 128, 1, 60, 80, 60, 80, 512, 5, 1, 1, 1, 2]
[1, 256, 1, 60, 80, 60, 80, 128, 3, 3, 1, 1, 1]
[1, 2, 1, 60, 80, 60, 80, 256, 3, 3, 1, 1, 1]
[1, 256, 1, 60, 80, 60, 80, 128, 3, 3, 1, 1, 1]
[1, 576, 1, 60, 80, 60, 80, 256, 1, 1, 1, 1, 0]
[1, 128, 1, 60, 80, 60, 80, 512, 1, 5, 1, 1, 0]
[1, 128, 1, 60, 80, 60, 80, 512, 1, 5, 1, 1, 0]
[1, 128, 1, 60, 80, 60, 80, 512, 1, 5, 1, 1, 0]
[1, 128, 1, 60, 80, 60, 80, 512, 5, 1, 1, 1, 2]
[1, 128, 1, 60, 80, 60, 80, 512, 5, 1, 1, 1, 2]
[1, 128, 1, 60, 80, 60, 80, 512, 5, 1, 1, 1, 2]
[1, 256, 1, 60, 80, 60, 80, 128, 3, 3, 1, 1, 1]
[1, 128, 1, 60, 80, 60, 80, 256, 3, 3, 1, 1, 1]
[1, 64, 1, 60, 80, 60, 80, 128, 3, 3, 1, 1, 1]
[1, 2, 1, 60, 80, 60, 80, 64, 3, 3, 1, 1, 1]
[1, 256, 1, 60, 80, 60, 80, 128, 3, 3, 1, 1, 1]
[1, 576, 1, 60, 80, 60, 80, 256, 1, 1, 1, 1, 0]
[1, 64, 1, 60, 80, 60, 80, 81, 1, 1, 1, 1, 0]
[1, 64, 1, 60, 80, 60, 80, 64, 1, 1, 1, 1, 0]
[4800, 64, 64]
[4800, 64, 64]
[4800, 64, 64]
[1, 256, 1, 60, 80, 60, 80, 145, 1, 1, 1, 1, 0]
[1, 192, 1, 60, 80, 60, 80, 256, 3, 3, 1, 1, 1]
[1, 128, 1, 60, 80, 60, 80, 2, 7, 7, 1, 1, 3]
[1, 64, 1, 60, 80, 60, 80, 128, 3, 3, 1, 1, 1]
[1, 126, 1, 60, 80, 60, 80, 256, 3, 3, 1, 1, 1]
[1, 128, 1, 60, 80, 60, 80, 128, 1, 1, 1, 1, 0]
[1, 128, 1, 60, 80, 60, 80, 512, 1, 5, 1, 1, 0]
[1, 128, 1, 60, 80, 60, 80, 512, 1, 5, 1, 1, 0]
[1, 128, 1, 60, 80, 60, 80, 512, 1, 5, 1, 1, 0]
[1, 128, 1, 60, 80, 60, 80, 512, 5, 1, 1, 1, 2]
[1, 128, 1, 60, 80, 60, 80, 512, 5, 1, 1, 1, 2]
[1, 128, 1, 60, 80, 60, 80, 512, 5, 1, 1, 1, 2]
[1, 256, 1, 60, 80, 60, 80, 128, 3, 3, 1, 1, 1]
[1, 2, 1, 60, 80, 60, 80, 256, 3, 3, 1, 1, 1]
[1, 256, 1, 60, 80, 60, 80, 128, 3, 3, 1, 1, 1]
[1, 576, 1, 60, 80, 60, 80, 256, 1, 1, 1, 1, 0]
[1, 128, 1, 60, 80, 60, 80, 512, 1, 5, 1, 1, 0]
[1, 128, 1, 60, 80, 60, 80, 512, 1, 5, 1, 1, 0]
[1, 128, 1, 60, 80, 60, 80, 512, 1, 5, 1, 1, 0]
[1, 128, 1, 60, 80, 60, 80, 512, 5, 1, 1, 1, 2]
[1, 128, 1, 60, 80, 60, 80, 512, 5, 1, 1, 1, 2]
[1, 128, 1, 60, 80, 60, 80, 512, 5, 1, 1, 1, 2]
[1, 256, 1, 60, 80, 60, 80, 128, 3, 3, 1, 1, 1]
[1, 128, 1, 60, 80, 60, 80, 256, 3, 3, 1, 1, 1]
[1, 64, 1, 60, 80, 60, 80, 128, 3, 3, 1, 1, 1]
[1, 2, 1, 60, 80, 60, 80, 64, 3, 3, 1, 1, 1]
[1, 256, 1, 60, 80, 60, 80, 128, 3, 3, 1, 1, 1]
[1, 576, 1, 60, 80, 60, 80, 256, 1, 1, 1, 1, 0]
[1, 64, 1, 60, 80, 60, 80, 81, 1, 1, 1, 1, 0]
[1, 64, 1, 60, 80, 60, 80, 64, 1, 1, 1, 1, 0]
[4800, 64, 64]
[4800, 64, 64]
[4800, 64, 64]
[1, 256, 1, 60, 80, 60, 80, 145, 1, 1, 1, 1, 0]
[1, 192, 1, 60, 80, 60, 80, 256, 3, 3, 1, 1, 1]
[1, 128, 1, 60, 80, 60, 80, 2, 7, 7, 1, 1, 3]
[1, 64, 1, 60, 80, 60, 80, 128, 3, 3, 1, 1, 1]
[1, 126, 1, 60, 80, 60, 80, 256, 3, 3, 1, 1, 1]
[1, 128, 1, 60, 80, 60, 80, 128, 1, 1, 1, 1, 0]
[1, 128, 1, 60, 80, 60, 80, 512, 1, 5, 1, 1, 0]
[1, 128, 1, 60, 80, 60, 80, 512, 1, 5, 1, 1, 0]
[1, 128, 1, 60, 80, 60, 80, 512, 1, 5, 1, 1, 0]
[1, 128, 1, 60, 80, 60, 80, 512, 5, 1, 1, 1, 2]
[1, 128, 1, 60, 80, 60, 80, 512, 5, 1, 1, 1, 2]
[1, 128, 1, 60, 80, 60, 80, 512, 5, 1, 1, 1, 2]
[1, 256, 1, 60, 80, 60, 80, 128, 3, 3, 1, 1, 1]
[1, 2, 1, 60, 80, 60, 80, 256, 3, 3, 1, 1, 1]
[1, 256, 1, 60, 80, 60, 80, 128, 3, 3, 1, 1, 1]
[1, 576, 1, 60, 80, 60, 80, 256, 1, 1, 1, 1, 0]
[1, 128, 1, 60, 80, 60, 80, 512, 1, 5, 1, 1, 0]
[1, 128, 1, 60, 80, 60, 80, 512, 1, 5, 1, 1, 0]
[1, 128, 1, 60, 80, 60, 80, 512, 1, 5, 1, 1, 0]
[1, 128, 1, 60, 80, 60, 80, 512, 5, 1, 1, 1, 2]
[1, 128, 1, 60, 80, 60, 80, 512, 5, 1, 1, 1, 2]
[1, 128, 1, 60, 80, 60, 80, 512, 5, 1, 1, 1, 2]
[1, 256, 1, 60, 80, 60, 80, 128, 3, 3, 1, 1, 1]
[1, 128, 1, 60, 80, 60, 80, 256, 3, 3, 1, 1, 1]
[1, 64, 1, 60, 80, 60, 80, 128, 3, 3, 1, 1, 1]
[1, 2, 1, 60, 80, 60, 80, 64, 3, 3, 1, 1, 1]
[1, 256, 1, 60, 80, 60, 80, 128, 3, 3, 1, 1, 1]
[1, 576, 1, 60, 80, 60, 80, 256, 1, 1, 1, 1, 0]
[1, 64, 1, 60, 80, 60, 80, 81, 1, 1, 1, 1, 0]
[1, 64, 1, 60, 80, 60, 80, 64, 1, 1, 1, 1, 0]
[4800, 64, 64]
[4800, 64, 64]
[4800, 64, 64]
[1, 256, 1, 60, 80, 60, 80, 145, 1, 1, 1, 1, 0]
[1, 192, 1, 60, 80, 60, 80, 256, 3, 3, 1, 1, 1]
[1, 128, 1, 60, 80, 60, 80, 2, 7, 7, 1, 1, 3]
[1, 64, 1, 60, 80, 60, 80, 128, 3, 3, 1, 1, 1]
[1, 126, 1, 60, 80, 60, 80, 256, 3, 3, 1, 1, 1]
[1, 128, 1, 60, 80, 60, 80, 128, 1, 1, 1, 1, 0]
[1, 128, 1, 60, 80, 60, 80, 512, 1, 5, 1, 1, 0]
[1, 128, 1, 60, 80, 60, 80, 512, 1, 5, 1, 1, 0]
[1, 128, 1, 60, 80, 60, 80, 512, 1, 5, 1, 1, 0]
[1, 128, 1, 60, 80, 60, 80, 512, 5, 1, 1, 1, 2]
[1, 128, 1, 60, 80, 60, 80, 512, 5, 1, 1, 1, 2]
[1, 128, 1, 60, 80, 60, 80, 512, 5, 1, 1, 1, 2]
[1, 256, 1, 60, 80, 60, 80, 128, 3, 3, 1, 1, 1]
[1, 2, 1, 60, 80, 60, 80, 256, 3, 3, 1, 1, 1]
[1, 256, 1, 60, 80, 60, 80, 128, 3, 3, 1, 1, 1]
[1, 576, 1, 60, 80, 60, 80, 256, 1, 1, 1, 1, 0]
[1, 128, 1, 60, 80, 60, 80, 512, 1, 5, 1, 1, 0]
[1, 128, 1, 60, 80, 60, 80, 512, 1, 5, 1, 1, 0]
[1, 128, 1, 60, 80, 60, 80, 512, 1, 5, 1, 1, 0]
[1, 128, 1, 60, 80, 60, 80, 512, 5, 1, 1, 1, 2]
[1, 128, 1, 60, 80, 60, 80, 512, 5, 1, 1, 1, 2]
[1, 128, 1, 60, 80, 60, 80, 512, 5, 1, 1, 1, 2]
[1, 256, 1, 60, 80, 60, 80, 128, 3, 3, 1, 1, 1]
[1, 128, 1, 60, 80, 60, 80, 256, 3, 3, 1, 1, 1]
[1, 64, 1, 60, 80, 60, 80, 128, 3, 3, 1, 1, 1]
[1, 2, 1, 60, 80, 60, 80, 64, 3, 3, 1, 1, 1]
[1, 256, 1, 60, 80, 60, 80, 128, 3, 3, 1, 1, 1]
[1, 576, 1, 60, 80, 60, 80, 256, 1, 1, 1, 1, 0]
[1, 64, 1, 60, 80, 60, 80, 81, 1, 1, 1, 1, 0]
[1, 64, 1, 60, 80, 60, 80, 64, 1, 1, 1, 1, 0]
[4800, 64, 64]
[4800, 64, 64]
[4800, 64, 64]
[1, 256, 1, 60, 80, 60, 80, 145, 1, 1, 1, 1, 0]
[1, 192, 1, 60, 80, 60, 80, 256, 3, 3, 1, 1, 1]
[1, 128, 1, 60, 80, 60, 80, 2, 7, 7, 1, 1, 3]
[1, 64, 1, 60, 80, 60, 80, 128, 3, 3, 1, 1, 1]
[1, 126, 1, 60, 80, 60, 80, 256, 3, 3, 1, 1, 1]
[1, 128, 1, 60, 80, 60, 80, 128, 1, 1, 1, 1, 0]
[1, 128, 1, 60, 80, 60, 80, 512, 1, 5, 1, 1, 0]
[1, 128, 1, 60, 80, 60, 80, 512, 1, 5, 1, 1, 0]
[1, 128, 1, 60, 80, 60, 80, 512, 1, 5, 1, 1, 0]
[1, 128, 1, 60, 80, 60, 80, 512, 5, 1, 1, 1, 2]
[1, 128, 1, 60, 80, 60, 80, 512, 5, 1, 1, 1, 2]
[1, 128, 1, 60, 80, 60, 80, 512, 5, 1, 1, 1, 2]
[1, 256, 1, 60, 80, 60, 80, 128, 3, 3, 1, 1, 1]
[1, 2, 1, 60, 80, 60, 80, 256, 3, 3, 1, 1, 1]
[1, 256, 1, 60, 80, 60, 80, 128, 3, 3, 1, 1, 1]
[1, 576, 1, 60, 80, 60, 80, 256, 1, 1, 1, 1, 0]
[1, 128, 1, 60, 80, 60, 80, 512, 1, 5, 1, 1, 0]
[1, 128, 1, 60, 80, 60, 80, 512, 1, 5, 1, 1, 0]
[1, 128, 1, 60, 80, 60, 80, 512, 1, 5, 1, 1, 0]
[1, 128, 1, 60, 80, 60, 80, 512, 5, 1, 1, 1, 2]
[1, 128, 1, 60, 80, 60, 80, 512, 5, 1, 1, 1, 2]
[1, 128, 1, 60, 80, 60, 80, 512, 5, 1, 1, 1, 2]
[1, 256, 1, 60, 80, 60, 80, 128, 3, 3, 1, 1, 1]
[1, 128, 1, 60, 80, 60, 80, 256, 3, 3, 1, 1, 1]
[1, 64, 1, 60, 80, 60, 80, 128, 3, 3, 1, 1, 1]
[1, 2, 1, 60, 80, 60, 80, 64, 3, 3, 1, 1, 1]
[1, 256, 1, 60, 80, 60, 80, 128, 3, 3, 1, 1, 1]
[1, 576, 1, 60, 80, 60, 80, 256, 1, 1, 1, 1, 0]
[1, 64, 1, 60, 80, 60, 80, 81, 1, 1, 1, 1, 0]
[1, 64, 1, 60, 80, 60, 80, 64, 1, 1, 1, 1, 0]
[4800, 64, 64]
[4800, 64, 64]
[4800, 64, 64]
[1, 256, 1, 60, 80, 60, 80, 145, 1, 1, 1, 1, 0]
[1, 192, 1, 60, 80, 60, 80, 256, 3, 3, 1, 1, 1]
[1, 128, 1, 60, 80, 60, 80, 2, 7, 7, 1, 1, 3]
[1, 64, 1, 60, 80, 60, 80, 128, 3, 3, 1, 1, 1]
[1, 126, 1, 60, 80, 60, 80, 256, 3, 3, 1, 1, 1]
[1, 128, 1, 60, 80, 60, 80, 128, 1, 1, 1, 1, 0]
[1, 128, 1, 60, 80, 60, 80, 512, 1, 5, 1, 1, 0]
[1, 128, 1, 60, 80, 60, 80, 512, 1, 5, 1, 1, 0]
[1, 128, 1, 60, 80, 60, 80, 512, 1, 5, 1, 1, 0]
[1, 128, 1, 60, 80, 60, 80, 512, 5, 1, 1, 1, 2]
[1, 128, 1, 60, 80, 60, 80, 512, 5, 1, 1, 1, 2]
[1, 128, 1, 60, 80, 60, 80, 512, 5, 1, 1, 1, 2]
[1, 256, 1, 60, 80, 60, 80, 128, 3, 3, 1, 1, 1]
[1, 2, 1, 60, 80, 60, 80, 256, 3, 3, 1, 1, 1]
[1, 256, 1, 60, 80, 60, 80, 128, 3, 3, 1, 1, 1]
[1, 576, 1, 60, 80, 60, 80, 256, 1, 1, 1, 1, 0]
[1, 128, 1, 60, 80, 60, 80, 512, 1, 5, 1, 1, 0]
[1, 128, 1, 60, 80, 60, 80, 512, 1, 5, 1, 1, 0]
[1, 128, 1, 60, 80, 60, 80, 512, 1, 5, 1, 1, 0]
[1, 128, 1, 60, 80, 60, 80, 512, 5, 1, 1, 1, 2]
[1, 128, 1, 60, 80, 60, 80, 512, 5, 1, 1, 1, 2]
[1, 128, 1, 60, 80, 60, 80, 512, 5, 1, 1, 1, 2]
[1, 256, 1, 60, 80, 60, 80, 128, 3, 3, 1, 1, 1]
[1, 128, 1, 60, 80, 60, 80, 256, 3, 3, 1, 1, 1]
[1, 64, 1, 60, 80, 60, 80, 128, 3, 3, 1, 1, 1]
[1, 2, 1, 60, 80, 60, 80, 64, 3, 3, 1, 1, 1]
[1, 256, 1, 60, 80, 60, 80, 128, 3, 3, 1, 1, 1]
[1, 576, 1, 60, 80, 60, 80, 256, 1, 1, 1, 1, 0]
[1, 64, 1, 60, 80, 60, 80, 81, 1, 1, 1, 1, 0]
[1, 64, 1, 60, 80, 60, 80, 64, 1, 1, 1, 1, 0]
[4800, 64, 64]
[4800, 64, 64]
[4800, 64, 64]
[1, 256, 1, 60, 80, 60, 80, 145, 1, 1, 1, 1, 0]
[1, 192, 1, 60, 80, 60, 80, 256, 3, 3, 1, 1, 1]
[1, 128, 1, 60, 80, 60, 80, 2, 7, 7, 1, 1, 3]
[1, 64, 1, 60, 80, 60, 80, 128, 3, 3, 1, 1, 1]
[1, 126, 1, 60, 80, 60, 80, 256, 3, 3, 1, 1, 1]
[1, 128, 1, 60, 80, 60, 80, 128, 1, 1, 1, 1, 0]
[1, 128, 1, 60, 80, 60, 80, 512, 1, 5, 1, 1, 0]
[1, 128, 1, 60, 80, 60, 80, 512, 1, 5, 1, 1, 0]
[1, 128, 1, 60, 80, 60, 80, 512, 1, 5, 1, 1, 0]
[1, 128, 1, 60, 80, 60, 80, 512, 5, 1, 1, 1, 2]
[1, 128, 1, 60, 80, 60, 80, 512, 5, 1, 1, 1, 2]
[1, 128, 1, 60, 80, 60, 80, 512, 5, 1, 1, 1, 2]
[1, 256, 1, 60, 80, 60, 80, 128, 3, 3, 1, 1, 1]
[1, 2, 1, 60, 80, 60, 80, 256, 3, 3, 1, 1, 1]
[1, 256, 1, 60, 80, 60, 80, 128, 3, 3, 1, 1, 1]
[1, 576, 1, 60, 80, 60, 80, 256, 1, 1, 1, 1, 0]
[1, 128, 1, 60, 80, 60, 80, 512, 1, 5, 1, 1, 0]
[1, 128, 1, 60, 80, 60, 80, 512, 1, 5, 1, 1, 0]
[1, 128, 1, 60, 80, 60, 80, 512, 1, 5, 1, 1, 0]
[1, 128, 1, 60, 80, 60, 80, 512, 5, 1, 1, 1, 2]
[1, 128, 1, 60, 80, 60, 80, 512, 5, 1, 1, 1, 2]
[1, 128, 1, 60, 80, 60, 80, 512, 5, 1, 1, 1, 2]
[1, 256, 1, 60, 80, 60, 80, 128, 3, 3, 1, 1, 1]
[1, 128, 1, 60, 80, 60, 80, 256, 3, 3, 1, 1, 1]
[1, 64, 1, 60, 80, 60, 80, 128, 3, 3, 1, 1, 1]
[1, 2, 1, 60, 80, 60, 80, 64, 3, 3, 1, 1, 1]
[1, 256, 1, 60, 80, 60, 80, 128, 3, 3, 1, 1, 1]
[1, 576, 1, 60, 80, 60, 80, 256, 1, 1, 1, 1, 0]
[1, 64, 1, 60, 80, 60, 80, 81, 1, 1, 1, 1, 0]
[1, 64, 1, 60, 80, 60, 80, 64, 1, 1, 1, 1, 0]
[4800, 64, 64]
[4800, 64, 64]
[4800, 64, 64]
[1, 256, 1, 60, 80, 60, 80, 145, 1, 1, 1, 1, 0]
[1, 192, 1, 60, 80, 60, 80, 256, 3, 3, 1, 1, 1]
[1, 128, 1, 60, 80, 60, 80, 2, 7, 7, 1, 1, 3]
[1, 64, 1, 60, 80, 60, 80, 128, 3, 3, 1, 1, 1]
[1, 126, 1, 60, 80, 60, 80, 256, 3, 3, 1, 1, 1]
[1, 128, 1, 60, 80, 60, 80, 128, 1, 1, 1, 1, 0]
[1, 128, 1, 60, 80, 60, 80, 512, 1, 5, 1, 1, 0]
[1, 128, 1, 60, 80, 60, 80, 512, 1, 5, 1, 1, 0]
[1, 128, 1, 60, 80, 60, 80, 512, 1, 5, 1, 1, 0]
[1, 128, 1, 60, 80, 60, 80, 512, 5, 1, 1, 1, 2]
[1, 128, 1, 60, 80, 60, 80, 512, 5, 1, 1, 1, 2]
[1, 128, 1, 60, 80, 60, 80, 512, 5, 1, 1, 1, 2]
[1, 256, 1, 60, 80, 60, 80, 128, 3, 3, 1, 1, 1]
[1, 2, 1, 60, 80, 60, 80, 256, 3, 3, 1, 1, 1]
[1, 256, 1, 60, 80, 60, 80, 128, 3, 3, 1, 1, 1]
[1, 576, 1, 60, 80, 60, 80, 256, 1, 1, 1, 1, 0]
[1, 128, 1, 60, 80, 60, 80, 512, 1, 5, 1, 1, 0]
[1, 128, 1, 60, 80, 60, 80, 512, 1, 5, 1, 1, 0]
[1, 128, 1, 60, 80, 60, 80, 512, 1, 5, 1, 1, 0]
[1, 128, 1, 60, 80, 60, 80, 512, 5, 1, 1, 1, 2]
[1, 128, 1, 60, 80, 60, 80, 512, 5, 1, 1, 1, 2]
[1, 128, 1, 60, 80, 60, 80, 512, 5, 1, 1, 1, 2]
[1, 256, 1, 60, 80, 60, 80, 128, 3, 3, 1, 1, 1]
[1, 128, 1, 60, 80, 60, 80, 256, 3, 3, 1, 1, 1]
[1, 64, 1, 60, 80, 60, 80, 128, 3, 3, 1, 1, 1]
[1, 2, 1, 60, 80, 60, 80, 64, 3, 3, 1, 1, 1]
[1, 256, 1, 60, 80, 60, 80, 128, 3, 3, 1, 1, 1]
[1, 576, 1, 60, 80, 60, 80, 256, 1, 1, 1, 1, 0]
[1, 64, 1, 60, 80, 60, 80, 81, 1, 1, 1, 1, 0]
[1, 64, 1, 60, 80, 60, 80, 64, 1, 1, 1, 1, 0]
[4800, 64, 64]
[4800, 64, 64]
[4800, 64, 64]
[1, 256, 1, 60, 80, 60, 80, 145, 1, 1, 1, 1, 0]
[1, 192, 1, 60, 80, 60, 80, 256, 3, 3, 1, 1, 1]
[1, 128, 1, 60, 80, 60, 80, 2, 7, 7, 1, 1, 3]
[1, 64, 1, 60, 80, 60, 80, 128, 3, 3, 1, 1, 1]
[1, 126, 1, 60, 80, 60, 80, 256, 3, 3, 1, 1, 1]
[1, 128, 1, 60, 80, 60, 80, 128, 1, 1, 1, 1, 0]
[1, 128, 1, 60, 80, 60, 80, 512, 1, 5, 1, 1, 0]
[1, 128, 1, 60, 80, 60, 80, 512, 1, 5, 1, 1, 0]
[1, 128, 1, 60, 80, 60, 80, 512, 1, 5, 1, 1, 0]
[1, 128, 1, 60, 80, 60, 80, 512, 5, 1, 1, 1, 2]
[1, 128, 1, 60, 80, 60, 80, 512, 5, 1, 1, 1, 2]
[1, 128, 1, 60, 80, 60, 80, 512, 5, 1, 1, 1, 2]
[1, 256, 1, 60, 80, 60, 80, 128, 3, 3, 1, 1, 1]
[1, 2, 1, 60, 80, 60, 80, 256, 3, 3, 1, 1, 1]
[1, 256, 1, 60, 80, 60, 80, 128, 3, 3, 1, 1, 1]
[1, 576, 1, 60, 80, 60, 80, 256, 1, 1, 1, 1, 0]
[1, 128, 1, 60, 80, 60, 80, 512, 1, 5, 1, 1, 0]
[1, 128, 1, 60, 80, 60, 80, 512, 1, 5, 1, 1, 0]
[1, 128, 1, 60, 80, 60, 80, 512, 1, 5, 1, 1, 0]
[1, 128, 1, 60, 80, 60, 80, 512, 5, 1, 1, 1, 2]
[1, 128, 1, 60, 80, 60, 80, 512, 5, 1, 1, 1, 2]
[1, 128, 1, 60, 80, 60, 80, 512, 5, 1, 1, 1, 2]
[1, 256, 1, 60, 80, 60, 80, 128, 3, 3, 1, 1, 1]
[1, 128, 1, 60, 80, 60, 80, 256, 3, 3, 1, 1, 1]
[1, 64, 1, 60, 80, 60, 80, 128, 3, 3, 1, 1, 1]
[1, 2, 1, 60, 80, 60, 80, 64, 3, 3, 1, 1, 1]
[1, 256, 1, 60, 80, 60, 80, 128, 3, 3, 1, 1, 1]
[1, 576, 1, 60, 80, 60, 80, 256, 1, 1, 1, 1, 0]
[1, 64, 1, 60, 80, 60, 80, 81, 1, 1, 1, 1, 0]
[1, 64, 1, 60, 80, 60, 80, 64, 1, 1, 1, 1, 0]
[4800, 64, 64]
[4800, 64, 64]
[4800, 64, 64]
[1, 256, 1, 60, 80, 60, 80, 145, 1, 1, 1, 1, 0]
[1, 192, 1, 60, 80, 60, 80, 256, 3, 3, 1, 1, 1]
[1, 128, 1, 60, 80, 60, 80, 2, 7, 7, 1, 1, 3]
[1, 64, 1, 60, 80, 60, 80, 128, 3, 3, 1, 1, 1]
[1, 126, 1, 60, 80, 60, 80, 256, 3, 3, 1, 1, 1]
[1, 128, 1, 60, 80, 60, 80, 128, 1, 1, 1, 1, 0]
[1, 128, 1, 60, 80, 60, 80, 512, 1, 5, 1, 1, 0]
[1, 128, 1, 60, 80, 60, 80, 512, 1, 5, 1, 1, 0]
[1, 128, 1, 60, 80, 60, 80, 512, 1, 5, 1, 1, 0]
[1, 128, 1, 60, 80, 60, 80, 512, 5, 1, 1, 1, 2]
[1, 128, 1, 60, 80, 60, 80, 512, 5, 1, 1, 1, 2]
[1, 128, 1, 60, 80, 60, 80, 512, 5, 1, 1, 1, 2]
[1, 256, 1, 60, 80, 60, 80, 128, 3, 3, 1, 1, 1]
[1, 2, 1, 60, 80, 60, 80, 256, 3, 3, 1, 1, 1]
[1, 256, 1, 60, 80, 60, 80, 128, 3, 3, 1, 1, 1]
[1, 576, 1, 60, 80, 60, 80, 256, 1, 1, 1, 1, 0]
[1, 128, 1, 60, 80, 60, 80, 512, 1, 5, 1, 1, 0]
[1, 128, 1, 60, 80, 60, 80, 512, 1, 5, 1, 1, 0]
[1, 128, 1, 60, 80, 60, 80, 512, 1, 5, 1, 1, 0]
[1, 128, 1, 60, 80, 60, 80, 512, 5, 1, 1, 1, 2]
[1, 128, 1, 60, 80, 60, 80, 512, 5, 1, 1, 1, 2]
[1, 128, 1, 60, 80, 60, 80, 512, 5, 1, 1, 1, 2]
[1, 256, 1, 60, 80, 60, 80, 128, 3, 3, 1, 1, 1]
[1, 128, 1, 60, 80, 60, 80, 256, 3, 3, 1, 1, 1]
[1, 64, 1, 60, 80, 60, 80, 128, 3, 3, 1, 1, 1]
[1, 2, 1, 60, 80, 60, 80, 64, 3, 3, 1, 1, 1]
[1, 256, 1, 60, 80, 60, 80, 128, 3, 3, 1, 1, 1]
[1, 576, 1, 60, 80, 60, 80, 256, 1, 1, 1, 1, 0]
[1, 64, 1, 60, 80, 60, 80, 81, 1, 1, 1, 1, 0]
[1, 64, 1, 60, 80, 60, 80, 64, 1, 1, 1, 1, 0]
[4800, 64, 64]
[4800, 64, 64]
[4800, 64, 64]
[1, 256, 1, 60, 80, 60, 80, 145, 1, 1, 1, 1, 0]
[1, 192, 1, 60, 80, 60, 80, 256, 3, 3, 1, 1, 1]
[1, 128, 1, 60, 80, 60, 80, 2, 7, 7, 1, 1, 3]
[1, 64, 1, 60, 80, 60, 80, 128, 3, 3, 1, 1, 1]
[1, 126, 1, 60, 80, 60, 80, 256, 3, 3, 1, 1, 1]
[1, 128, 1, 60, 80, 60, 80, 128, 1, 1, 1, 1, 0]
[1, 128, 1, 60, 80, 60, 80, 512, 1, 5, 1, 1, 0]
[1, 128, 1, 60, 80, 60, 80, 512, 1, 5, 1, 1, 0]
[1, 128, 1, 60, 80, 60, 80, 512, 1, 5, 1, 1, 0]
[1, 128, 1, 60, 80, 60, 80, 512, 5, 1, 1, 1, 2]
[1, 128, 1, 60, 80, 60, 80, 512, 5, 1, 1, 1, 2]
[1, 128, 1, 60, 80, 60, 80, 512, 5, 1, 1, 1, 2]
[1, 256, 1, 60, 80, 60, 80, 128, 3, 3, 1, 1, 1]
[1, 2, 1, 60, 80, 60, 80, 256, 3, 3, 1, 1, 1]
[1, 256, 1, 60, 80, 60, 80, 128, 3, 3, 1, 1, 1]
[1, 576, 1, 60, 80, 60, 80, 256, 1, 1, 1, 1, 0]
[1, 128, 1, 60, 80, 60, 80, 512, 1, 5, 1, 1, 0]
[1, 128, 1, 60, 80, 60, 80, 512, 1, 5, 1, 1, 0]
[1, 128, 1, 60, 80, 60, 80, 512, 1, 5, 1, 1, 0]
[1, 128, 1, 60, 80, 60, 80, 512, 5, 1, 1, 1, 2]
[1, 128, 1, 60, 80, 60, 80, 512, 5, 1, 1, 1, 2]
[1, 128, 1, 60, 80, 60, 80, 512, 5, 1, 1, 1, 2]
[1, 256, 1, 60, 80, 60, 80, 128, 3, 3, 1, 1, 1]
[1, 128, 1, 60, 80, 60, 80, 256, 3, 3, 1, 1, 1]
[1, 64, 1, 60, 80, 60, 80, 128, 3, 3, 1, 1, 1]
[1, 2, 1, 60, 80, 60, 80, 64, 3, 3, 1, 1, 1]
[1, 256, 1, 60, 80, 60, 80, 128, 3, 3, 1, 1, 1]
[1, 576, 1, 60, 80, 60, 80, 256, 1, 1, 1, 1, 0]
[1, 64, 1, 60, 80, 60, 80, 81, 1, 1, 1, 1, 0]
[1, 64, 1, 60, 80, 60, 80, 64, 1, 1, 1, 1, 0]
[4800, 64, 64]
[4800, 64, 64]
[4800, 64, 64]
[1, 256, 1, 60, 80, 60, 80, 145, 1, 1, 1, 1, 0]
[1, 192, 1, 60, 80, 60, 80, 256, 3, 3, 1, 1, 1]
[1, 128, 1, 60, 80, 60, 80, 2, 7, 7, 1, 1, 3]
[1, 64, 1, 60, 80, 60, 80, 128, 3, 3, 1, 1, 1]
[1, 126, 1, 60, 80, 60, 80, 256, 3, 3, 1, 1, 1]
[1, 128, 1, 60, 80, 60, 80, 128, 1, 1, 1, 1, 0]
[1, 128, 1, 60, 80, 60, 80, 512, 1, 5, 1, 1, 0]
[1, 128, 1, 60, 80, 60, 80, 512, 1, 5, 1, 1, 0]
[1, 128, 1, 60, 80, 60, 80, 512, 1, 5, 1, 1, 0]
[1, 128, 1, 60, 80, 60, 80, 512, 5, 1, 1, 1, 2]
[1, 128, 1, 60, 80, 60, 80, 512, 5, 1, 1, 1, 2]
[1, 128, 1, 60, 80, 60, 80, 512, 5, 1, 1, 1, 2]
[1, 256, 1, 60, 80, 60, 80, 128, 3, 3, 1, 1, 1]
[1, 2, 1, 60, 80, 60, 80, 256, 3, 3, 1, 1, 1]
[1, 256, 1, 60, 80, 60, 80, 128, 3, 3, 1, 1, 1]
[1, 576, 1, 60, 80, 60, 80, 256, 1, 1, 1, 1, 0]
[1, 128, 1, 60, 80, 60, 80, 512, 1, 5, 1, 1, 0]
[1, 128, 1, 60, 80, 60, 80, 512, 1, 5, 1, 1, 0]
[1, 128, 1, 60, 80, 60, 80, 512, 1, 5, 1, 1, 0]
[1, 128, 1, 60, 80, 60, 80, 512, 5, 1, 1, 1, 2]
[1, 128, 1, 60, 80, 60, 80, 512, 5, 1, 1, 1, 2]
[1, 128, 1, 60, 80, 60, 80, 512, 5, 1, 1, 1, 2]
[1, 256, 1, 60, 80, 60, 80, 128, 3, 3, 1, 1, 1]
[1, 128, 1, 60, 80, 60, 80, 256, 3, 3, 1, 1, 1]
[1, 64, 1, 60, 80, 60, 80, 128, 3, 3, 1, 1, 1]
[1, 2, 1, 60, 80, 60, 80, 64, 3, 3, 1, 1, 1]
[1, 256, 1, 60, 80, 60, 80, 128, 3, 3, 1, 1, 1]
[1, 576, 1, 60, 80, 60, 80, 256, 1, 1, 1, 1, 0]